N<-c(26.2,20.1,22.7,23.3,17.1,16.8,16.1,16.5,16.8,19.8,15.8,15.1,16.1,17.0,
     13.3,23.9,13.9,12.4,20.8,23.3,18.0, 9.8,13.5,15.8,20.6,21.5,10.8,13.4,20.6,
     18.4,20.4, 8.5, 4.5, 5.4,18.1, 9.1,11.0, 7.0, 7.0,11.0,17.0, 7.1, 8.1, 2.8,
     19.4,17.5,15.8,16.2, 6.7,14.3,19.9,13.6, 9.2,21.5,10.2,21.1,11.0,21.9,23.3,
     20.6,23.6,22.4,19.7,17.9,15.2,17.7,15.6,11.2,14.9,16.3,17.0,13.5, 9.0, 9.5,
     10.0, 6.7,15.5, 6.7,17.1, 6.3,14.0, 1.4,17.1,14.1,14.3, 7.6,10.8,10.0,19.3,
     14.4,16.4,20.6,19.1,15.8,20.0,20.6,24.1,24.8,26.2,19.4,10.8, 6.4, 2.2,20.6,
     15.0, 9.8,10.8,11.4,15.6,11.2,12.8,13.6,14.4,15.3,14.8,18.4,16.1,14.3,15.2,
     18.9,16.3,17.9,18.9,20.2,22.0,22.0,20.4,19.7,19.9,17.1,19.4,20.6,23.0,22.0)

count<-c(141, 84,105,110, 59, 56, 56, 54, 60, 79, 50, 46, 55, 59,
         36,114, 40, 32, 89,112, 65, 21, 38, 52, 88, 94, 24, 37, 88,
         70, 85, 19,  5,  7, 67, 16, 27, 12, 11, 24, 60, 11, 15,  2,
         75, 61, 53, 52, 10, 42, 81, 40, 17, 93, 23, 90, 24, 96,111,
         89,114,101, 78, 65, 46, 63, 50, 27, 46, 53, 60, 38, 16, 20,
         22,  9, 51, 13, 61,  9, 43,  2, 59, 41, 42, 17, 24, 21, 78,
         42, 55, 86, 75, 52, 83, 88,116,127,139, 78, 27, 13,  5, 90,
         49, 23, 26, 30, 53, 29, 38, 44, 45, 52, 48, 72, 55, 45, 49,
         75, 58, 68, 75, 88,103, 99, 87, 81, 85, 64, 79, 92,111,100)

severity <- c(rep(1,62),rep(2,37),rep(3,28),rep(4,7))
